1000
40
1
2
65
79
39
94
40
34
53
55
73
50
36
61
6
8
43
42
11
81
97
57
79
26
88
2
67
1
72
2
44
93
42
69
5
29
90
61
84
3
60
78
25
94
24
70
80
41
99
28
47
45
28
52
47
31
3
56
1
58
27
41
44
61
55
88
76
99
72
13
95
8
25
86
100
73
45
71
51
75
43
50
18
37
71
21
44
35
9
8
8
92
53
88
94
87
77
52
0
83
65
29
26
68
13
45
86
59
88
56
73
60
57
75
84
32
93
30
71
40
56
61
49
43
76
66
31
19
98
94
47
36
10
14
26
68
51
34
61
76
64
27
98
51
81
71
5
93
35
23
37
33
20
40
38
52
19
59
41
95
12
18
81
71
72
39
10
9
0
30
87
64
74
87
27
9
91
5
84
76
95
43
97
14
47
29
100
41
7
39
43
51
12
38
2
60
7
85
12
33
14
36
63
35
68
97
66
80
62
5
30
90
44
33
98
15
35
48
48
95
34
96
72
34
31
53
3
79
3
4
72
98
45
45
51
0
58
67
67
25
65
28
14
50
34
93
47
75
91
96
56
100
42
28
6
64
14
31
96
47
33
84
50
50
89
43
91
51
2
49
57
66
70
12
0
69
32
11
20
92
51
11
12
37
24
77
47
14
3
81
95
47
41
49
62
22
27
39
57
49
59
5
22
91
48
16
70
54
85
80
55
88
1
40
26
15
29
92
46
55
85
5
27
35
26
94
16
73
34
94
17
54
80
82
69
43
74
52
28
20
97
96
31
59
89
4
56
11
42
25
73
66
9
96
44
82
8
71
3
34
98
52
99
50
22
88
25
24
70
32
89
6
32
71
61
85
41
69
87
27
44
11
53
51
20
39
89
96
38
5
93
54
52
22
23
56
55
58
7
12
52
81
26
100
15
75
64
81
19
29
44
59
28
90
30
55
43
6
24
36
47
10
95
5
42
52
76
74
14
100
36
86
25
92
93
27
46
7
70
35
5
79
9
79
62
86
50
66
18
79
76
28
28
28
52
33
12
61
37
46
89
25
71
2
78
92
35
80
39
50
69
35
69
49
80
96
84
78
43
80
65
73
48
40
1
9
32
86
53
54
61
18
76
68
55
19
92
56
67
12
46
51
23
94
30
84
64
16
41
98
65
44
39
14
82
15
23
39
62
69
11
75
43
9
89
45
32
58
88
96
51
63
48
59
72
36
31
52
97
88
14
47
74
44
77
62
18
6
22
15
35
27
55
22
12
60
89
98
88
78
16
27
66
37
91
17
13
33
77
35
43
51
44
15
3
72
26
70
52
3
47
91
73
34
39
71
23
62
14
4
67
0
93
36
100
67
35
27
95
92
27
56
33
100
55
81
6
55
25
5
13
98
32
94
55
55
84
16
58
33
83
90
40
30
50
97
78
17
72
41
34
95
71
9
74
63
34
2
67
48
30
27
20
38
93
92
91
73
5
64
8
48
17
33
81
51
92
9
14
86
22
74
1
33
46
81
60
96
45
70
16
72
95
46
39
41
95
56
54
31
87
10
98
93
33
57
89
67
10
66
40
28
48
65
78
55
56
66
78
57
21
15
10
61
12
1
14
58
5
95
69
31
66
78
94
36
40
81
2
70
14
15
79
56
84
3
75
5
73
71
79
43
73
55
68
78
56
45
20
1
54
76
28
28
83
80
16
93
13
47
97
72
83
6
34
33
45
68
50
68
20
17
31
14
56
51
42
84
20
34
45
35
50
70
52
20
99
24
46
36
16
42
64
7
11
82
18
54
13
10
57
25
88
31
7
60
89
64
25
76
15
29
13
79
0
62
6
63
44
26
16
52
62
31
62
74
45
55
10
54
66
39
62
68
42
89
47
45
74
24
41
96
72
41
83
8
8
59
68
27
29
26
51
36
53
13
1
92
35
37
66
52
13
3
54
41
46
0
15
67
60
84
5
85
87
27
46
83
22
1
35
89
11
19
50
46
15
58
83
97
78
82
13
5
39
24
67
27
25
93
6
15
15
26
82
47
46
10
73
50
28
95
0
91
8
31
69
19
78
4
100
15
7
55
9
3
15
47
25
83
59
51
97
34
96
22
12
58
63
29
93
26
100
24
49
83
18
46
17
21
86
83
2
99
100
100
5
5
72
4
67
57
69
11
33
98
31
54
50
58
84
74
43
91
63
30
18
40
27
41
46
82
1
46
95
24
58
67
99
24
5
45
57
94
72
31
99
87
86
81
7
7
75
54
19
66
17
28
0